0.100
0.030
0.040
0.030
0.030
0.040
0.030
0.030
0.040
0.030
0.030
0.040
0.030
0.030
0.040
0.030
0.030
0.040
0.030
0.030
0.040
0.030
0.030
0.040
0.030
0.030
0.040
0.030
0.030
0.040
0.030
0.030
0.040
0.030
0.030
0.040
0.030
0.030
0.040
0.030
0.030
0.040
0.030
0.030
0.040
0.030
0.030
0.040
0.030
0.030
0.040
0.030
0.030
0.040
0.030
0.030
0.040
0.030
0.030
0.040
0.030
0.030
0.040
0.030
0.030
0.040
0.030
0.030
0.040
0.030
0.030
0.040
0.030
0.030
0.040
0.030
0.030
0.040
0.030
0.030
0.040
0.030
0.030
0.040
0.030
0.030
0.040
0.030
0.030
0.040
0.060
1.870
